# /Users/lissi/tmp/components@ec76268
# Darwin lissis.local 18.6.0 Darwin Kernel Version 18.6.0: Thu Apr 25 23:16:27 PDT 2019; root:xnu-4903.261.4~2/RELEASE_X86_64 x86_64
# Intel(R) Core(TM) i5-8259U CPU @ 2.30GHz
# TypeScript Version 3.5.1

7.14
7.22
7.11
7.02
7.05
7.05
7.11
7.03
7.05
7.03
7.05
7.00
7.11
7.02
7.13
7.26
7.12
7.03
7.07
7.04
7.07
7.08
6.99
7.08
7.00
7.05
7.11
7.12
7.06
7.08
7.11
7.05
7.04
6.98
7.06
7.05
7.02
7.12
7.09
7.07
7.06
7.02
6.98
7.01
6.95
7.06
6.99
6.99
7.01
7.04
7.02
7.04
7.04
7.05
6.97
7.06
7.03
7.00
7.03
7.07
7.09
7.06
7.11
7.01
7.03
7.00
7.01
6.97
7.07
7.08
7.03
7.07
7.10
7.14
7.31
7.18
7.01
7.35
7.12
7.06
7.14
7.06
7.09
7.12
7.05
7.03
7.04
7.06
7.04
7.08
6.97
7.09
7.05
7.07
7.01
7.07
7.03
7.03
7.06
7.21
