# /home/joe/git/_teamshirts/components@ec76268
# Linux jupiter 5.1.9-arch1-1-ARCH x86_64 unknown GNU/Linux
# TypeScript Version 3.5.1

# 15.28
# 15.31
# 15.31
# 15.31
# 15.33
# 15.33
# 15.34
# 15.34
# 15.35
# 15.35
15.35
15.37
15.37
15.38
15.38
15.39
15.39
15.40
15.40
15.41
15.41
15.41
15.41
15.41
15.42
15.42
15.43
15.43
15.43
15.43
15.43
15.44
15.44
15.44
15.44
15.44
15.44
15.45
15.45
15.45
15.46
15.46
15.46
15.46
15.48
15.48
15.48
15.48
15.49
15.49
15.49
15.49
15.50
15.51
15.52
15.52
15.52
15.52
15.53
15.53
15.53
15.53
15.53
15.53
15.54
15.54
15.54
15.54
15.54
15.55
15.55
15.55
15.56
15.56
15.57
15.57
15.58
15.58
15.60
15.61
15.62
15.63
15.63
15.63
15.64
15.66
15.67
15.68
15.68
15.69
# 15.73
# 15.74
# 15.79
# 15.88
# 15.88
# 15.95
# 15.97
# 15.97
# 16.29
# 16.46
